1
2
3
4
4
5
6
7
7
7
11
12
12
13
16
16
17
17
17
17
18
19
19
20
22
25
26
27
27
28
28
31
34
36
37
37
39
40
44
44
45
46
48
48
50
51
52
53
53
53
54
54
55
56
56
59
60
61
61
61
61
63
63
68
68
72
72
73
73
74
74
75
75
75
75
75
76
77
82
82
82
83
84
84
87
88
89
90
91
91
91
91
92
93
95
96
96
96
97
101
102
103
103
104
104
106
110
115
116
116
116
117
117
118
118
118
119
121
123
123
125
125
126
126
127
128
128
129
129
129
132
136
136
137
137
141
142
143
144
145
146
146
147
147
148
148
149
152
153
154
155
157
157
158
158
160
161
161
163
164
164
168
170
172
173
173
176
177
177
177
178
180
180
184
184
186
187
188
191
192
193
194
194
194
194
195
196
197
197
197
199
202
202
203
204
207
207
209
213
213
215
215
215
216
218
218
218
218
219
219
220
221
221
223
228
230
232
233
234
234
235
235
235
235
237
240
241
241
242
243
243
246
246
246
247
247
247
247
250
253
254
254
254
255
255
256
256
258
258
259
260
260
260
266
267
270
270
271
272
272
272
272
274
275
275
277
278
278
278
278
279
280
281
281
283
283
284
284
284
284
285
287
287
288
288
289
290
291
292
293
295
295
297
297
298
299
300
301
301
303
304
305
308
308
310
310
312
314
314
315
316
317
317
318
318
318
318
320
320
320
321
321
322
323
323
323
325
326
326
331
333
333
334
335
339
340
341
342
344
344
344
345
345
347
347
347
348
349
349
351
352
353
353
354
355
355
355
356
357
360
360
362
364
365
368
369
372
376
378
380
381
382
383
384
385
386
389
389
389
391
392
393
393
393
394
395
397
397
398
400
401
406
406
406
408
408
409
410
410
411
412
413
414
416
419
420
421
422
422
426
427
427
427
428
429
430
431
432
432
433
434
437
438
438
439
441
441
441
443
445
445
446
446
449
450
451
453
454
454
456
457
457
459
460
461
461
463
465
466
467
468
468
469
470
470
471
471
473
474
474
475
476
477
477
477
478
479
480
481
483
483
484
484
484
484
485
486
486
486
487
487
488
490
493
493
494
497
498
499
500
501
502
502
505
507
507
508
508
509
512
512
512
513
514
515
515
516
517
519
520
520
523
523
524
525
526
528
528
528
530
530
530
531
531
532
532
534
535
535
537
539
539
539
541
541
542
542
544
545
546
547
547
549
549
550
552
552
552
554
556
557
559
562
564
566
567
567
567
568
569
569
572
575
577
577
578
579
579
579
580
581
581
582
583
583
585
587
588
590
591
591
592
592
593
594
594
598
600
601
601
601
602
602
603
604
604
605
605
606
606
608
610
610
611
612
614
614
614
615
616
617
617
619
621
622
622
623
625
625
627
627
630
631
632
632
634
635
635
637
640
640
641
644
644
645
646
646
647
647
647
647
647
651
651
651
652
653
654
655
658
658
658
659
659
662
663
663
664
665
665
666
666
667
668
668
669
669
670
670
671
672
678
678
681
682
682
684
684
685
689
689
691
691
692
693
693
694
694
695
697
698
700
700
700
701
702
702
705
706
709
709
710
711
712
712
715
717
717
720
721
721
722
723
724
726
728
728
729
730
730
730
732
733
733
735
738
738
738
738
739
739
740
740
740
741
741
742
742
742
743
744
745
747
747
747
748
748
749
750
751
752
752
752
754
754
755
757
759
760
760
762
762
762
763
765
769
769
771
772
772
774
774
775
775
776
776
777
778
779
780
780
781
784
785
786
787
787
789
789
790
791
792
792
794
794
795
796
796
797
798
798
798
798
800
800
801
801
802
802
802
807
807
807
807
807
811
811
813
813
814
814
816
816
818
819
820
821
823
825
825
825
826
829
832
832
833
833
834
835
837
837
839
839
839
843
848
849
849
850
851
852
852
852
855
856
857
858
860
861
862
863
866
867
867
868
869
870
871
871
872
872
873
873
873
873
873
874
876
876
879
882
882
883
884
884
884
886
886
887
887
889
889
889
891
891
894
896
896
897
898
899
902
905
906
906
906
906
907
907
907
909
913
913
916
919
920
920
920
920
920
923
923
923
924
925
925
929
929
931
932
932
933
934
935
936
936
936
938
939
942
942
944
948
951
951
951
952
953
953
954
954
956
957
958
960
960
960
961
961
962
962
965
965
966
966
968
969
970
970
971
971
975
977
977
977
978
979
979
980
981
981
981
982
982
983
984
987
988
990
991
993
993
993
994
994
994
997
997
999
1000
