567
3256
4591
2120
4956
929
3697
3230
3444
963
4983
3614
2991
1086
560
3251
3284
3786
4953
3692
727
3491
3474
2208
207
3627
2002
3615
4146
3136
4216
1750
3426
3135
2940
3139
1460
2401
2877
1515
365
2726
2389
273
2680
3535
1586
4127
2735
4592
21
4369
2110
2685
88
4608
534
4612
2260
157
24
1732
1505
3031
1319
4020
1010
1254
3356
3816
3871
3817
2940
1111
2476
2389
3877
592
4707
958
3761
3958
3470
571
1002
2114
2359
1669
4750
4152
3499
505
4229
4420
996
959
1201
4407
4807
2257
4764
3772
3534
1687
241
3792
3726
3786
2764
4130
1963
2425
2979
231
2834
113
4377
3952
1863
4623
745
616
1041
4659
3880
265
4227
4117
2118
4183
628
1523
4446
1415
4857
2647
2899
2600
529
3946
2397
2635
2154
3173
797
4840
4866
930
550
4850
241
2278
4125
4835
3885
3274
1274
1106
565
2058
3606
2396
682
2318
799
1968
898
2951
4803
1296
1495
4164
1546
4069
216
429
1414
4987
2767
1615
3007
3069
1427
3874
1522
4033
782
4359
578
4863
513
2535
3458
558
4159
3024
2402
3432
2544
360
3096
1103
4983
1391
312
3008
3918
1312
3983
3727
1183
344
4877
1883
1030
2923
3897
131
1398
507
1137
2233
3569
874
1026
4342
1701
4378
4701
4886
3515
4138
1483
2405
3033
2164
1210
2339
1090
2749
2520
2116
2284
3181
1695
3411
1419
4440
4930
4208
2380
2732
3631
2759
3668
2835
1149
1883
930
2235
2784
954
899
4517
1923
1979
4133
3675
1925
2190
2933
4869
992
2067
1381
774
3637
2013
3328
3874
2092
4808
2360
3866
2219
3225
1506
684
2996
4941
920
341
4684
4573
1312
3232
4633
4600
1522
468
4788
2073
176
2072
2695
3490
769
4426
3289
4202
3095
4249
3879
4635
3650
2399
165
2031
1147
419
3454
2740
2190
4790
4769
1453
274
757
1388
3668
2122
1670
3997
3741
2449
2494
3646
4924
4730
2794
105
3193
4350
1253
4813
554
546
4169
375
354
4487
2314
436
4201
4475
1263
3118
3389
601
4066
1685
47
4301
2066
3928
2792
1682
3007
1421
2366
1223
4118
3717
3818
4095
381
2667
4660
3256
2370
926
2681
1254
2607
3413
1868
4497
1632
3915
3250
173
3872
2116
3762
1177
3793
1366
2605
402
4218
4619
978
192
2830
1166
3686
2160
2563
4012
2674
4508
848
4541
4045
1777
4042
114
1283
2655
1817
3754
1150
774
2391
1992
1764
2319
1872
2199
2633
3968
3240
97
615
3029
2410
1363
4251
1211
765
4206
546
3478
268
3578
556
1446
333
4291
1616
3565
3393
1632
3816
3716
38
4418
702
3207
3682
2490
110
2806
921
734
294
2574
4225
2862
4212
3975
1692
1329
87
3022
1949
37
3336
1254
1695
2951
1730
1595
290
1192
2984
912
4271
753
4150
2377
1182
3480
3347
1243
2381
435
1494
3651
2532
4388
3878
1548
248
2790
3870
2981
2333
1095
121
26
2615
1895
2418
4257
1554
1248
1471
2640
1280
3382
2078
974
2523
512
1201
2599
404
4663
2087
300
3940
2079
803
626
3376
1485
329
2409
2442
800
3653
4416
3550
714
1934
1583
1354
1952
404
942
3226
4016
2454
3196
4906
1339
3071
1866
349
1603
1873
241
2406
1175
1922
2433
3990
4101
895
4580
1189
607
2758
1682
924
1721
2160
4518
1210
4169
1455
4528
1005
4320
4100
3621
3419
1121
4437
796
778
3231
885
3178
4781
2092
1412
1561
4272
3351
88
3676
2606
2149
4036
1910
3200
1555
2440
3756
3297
635
1841
1640
2552
2518
1074
4343
1038
2425
3555
45
4521
314
10
3032
3032
2652
4528
3202
1839
2434
965
1403
845
1161
165
254
2044
2345
1276
1442
1609
3725
4857
1653
1773
89
3824
1140
3091
4691
2530
2565
4843
1877
3136
2401
3710
2554
4838
2612
1347
1647
4669
911
4641
788
2139
2465
3390
11
4639
1169
792
992
3807
702
770
2305
3028
1771
2257
2536
705
4141
4816
199
544
870
1792
3900
3686
648
3956
3469
2576
4034
1156
4349
3725
4895
4143
1496
2654
743
2847
4091
3612
1597
1456
463
224
2675
1874
2448
4041
3923
3479
1889
1673
8
1302
3971
3497
996
4025
2477
222
2355
4364
2037
2004
1727
479
4232
1843
2190
4894
4855
4198
1673
1711
1347
4947
2278
2092
3322
1272
1128
3609
4042
1195
2294
4688
4150
6
177
187
3735
72
1138
1130
1452
135
2211
1774
2748
1724
4516
1405
291
3808
3866
383
3836
3126
987
1488
1463
1680
2805
1719
4243
175
4959
1750
3765
3957
2544
2043
1098
2054
2095
3438
4833
4054
1194
2212
1524
444
4875
2507
1512
4527
4480
591
3995
2616
2354
2685
583
625
1600
823
2172
4372
1149
4639
3482
2711
3047
3463
3910
4718
2226
3391
1829
3009
1356
3640
1599
840
706
146
2038
685
1579
4193
2216
3737
219
4501
3496
4009
227
2673
228
3706
1527
3396
2443
1403
4472
1519
845
1850
1139
447
4495
2329
3745
4947
2270
3218
361
4688
2796
457
4899
4011
4914
433
3798
334
3733
3282
4765
3295
4604
2794
436
2645
3360
713
1898
3093
1060
857
3730
4180
4528
2349
1170
3757
3857
1505
4175
550
2123
2564
1472
4910
3993
1881
363
3169
3388
972
1357
1912
283
947
1438
2666
4658
4634
2076
2727
1974
2147
3575
2055
2727
4486
877
4198
3239
4326
3934
3339
226
4036
3394
4954
687
3648
330
4414
3038
2381
3981
4251
4970
1101
4540
1091
3864
469
3520
4774
2561
1985
698
1120
1141
3467
1339
830
16
2768
637
481
4722
1915
3898
1478
3945
999
3332
61
2362
3895
4980
313
3464
1960
3966
671
916
3834
341
1786
2821
1866
4875
4079
4849
4564
468
788
3117
4311
1732
2286
3402
2625
742
20
4281
3893
983
1222
3449
2441
1226
530
518
317
924
3743
3691
3121
19
587
1011
2447
1795
451
181
1361
2937
4410
1422
1131
4419
3651
395
2060
592
3154
463
1450
4116
1896
3026
492
3495
2373
211
3195
303
1068
1407
571
98
3969
3643
1310
1896
949
4798
755
1784
2998
906
4565
1811
664
3309
502
1870
4425
4515
4718
2244
668
230
3831
2091
2052
4880
1779
3973
2987
3456
663
3186
1227
3788
737
2068
333
1542
4649
2883
4897
3034
1180
1234
693
1087
3239
4674
3881
2788
1674
1861
4010
3836
1554
3454
2277
2349
4715
3023
4967
3870
4494
795
2627
2775
4400
645
3483
2893
1563
2704
4418
294
633
4769
4530
81
1101
3090
4770
4354
4989
913
3514
29
3301
3552
1193
2537
4277
4453
2591
4087
935
3429
3239
2955
1201
181
1471
3738
2794
17
2379
1196
1114
3176
318
1821
1002
2880
2915
2078
1495
4326
892
169
4793
2257
4520
317
201
2784
1562
2958
4938
496
800
473
4206
2442
3881
838
180
1957
2794
279
1673
1432
3555
4704
3166
1563
4037
2616
2720
710
2439
4183
1757
1201
642
2120
1917
1214
4937
1201
1463
4236
2317
1960
103
3414
1488
3897
1644
1260
2256
869
3822
3727
2623
4541
591
562
1432
3111
2121
656
2340
480
3769
3689
2751
403
2483
2161
3660
1945
4319
1954
4072
73
4114
528
2421
3954
2879
189
2253
1783
463
2935
1027
1778
2359
3599
1060
4500
82
3436
435
1571
950
2015
2238
877
187
2255
3795
725
2857
3784
3311
1796
4553
3200
2160
2761
663
2682
4081
1164
4734
4447
4622
2039
325
4993
1457
3742
1145
841
612
2377
3963
148
2000
3047
2475
4578
990
485
4205
464
3251
1832
2195
4526
4073
1175
83
1666
2772
4341
1163
4566
4386
2821
194
4128
1591
1590
2320
2809
183
225
4017
4353
3669
2441
1493
4193
1548
3275
2108
560
1380
3677
2513
4586
3344
2460
4004
3973
1557
4273
3972
3814
1413
1260
445
3756
4165
1515
2006
1795
1044
2084
1166
956
3149
74
777
4843
1358
1853
4781
3242
3922
1853
2370
4908
4116
2823
833
1499
709
1105
1547
4694
1920
2435
2334
3925
1692
1318
1068
3399
210
2330
2708
4655
4543
4058
3557
26
4196
2547
4824
2740
3605
4134
1094
3468
4046
2041
594
1205
1468
4308
4735
1158
1707
2762
1501
3588
4348
2055
2296
741
4818
4978
322
2977
1229
4691
531
4149
3958
166
2078
1120
4124
4856
4941
762
1982
2833
551
1185
3810
1611
777
1373
2766
4371
3059
3455
4349
805
2109
3390
2660
916
2929
1282
317
1594
3786
1372
4660
1389
2998
3813
680
3844
1560
2662
4124
3096
1817
1832
1983
1230
2144
2725
1136
723
967
2607
2646
137
2688
2360
2808
1746
2760
529
2656
418
2339
2303
2133
2002
4048
1315
4977
4713
1062
328
4024
2062
3279
1370
1202
1244
4396
3510
3515
3229
2497
724
3929
4714
4843
116
1061
401
3663
3976
62
65
2668
3998
1170
730
2772
4186
4687
2104
487
3065
2585
4138
2137
1392
421
4149
1629
2310
1181
167
2698
2551
1620
4153
1309
1643
1733
2764
1191
3246
4159
463
4880
2729
2844
3711
2259
1889
1218
3913
3804
463
4137
3908
3904
3552
94
4539
1564
3622
3303
2761
2697
3430
648
2397
4518
2299
326
3817
3046
2795
2002
2565
4308
3984
3880
1185
3372
2882
785
1827
4140
2492
2054
62
2403
108
4950
260
1080
1158
4169
3572
1398
1539
1909
1111
3831
4966
4161
1488
4175
2679
4921
3883
450
236
1129
1336
1360
61
2269
791
2087
1638
3137
1461
2002
610
148
184
2290
2846
3186
336
3786
2884
3339
1287
535
3970
3982
578
599
250
210
1880
2497
4867
1558
4218
3174
2544
1054
2308
1862
1839
3769
4380
2614
748
122
3672
3696
3599
2116
3196
388
1307
1073
4404
2846
89
4580
3295
1656
3997
4438
1117
3265
1014
1718
4530
2918
3892
2332
603
680
3477
3224
4192
230
4041
806
2179
3500
4239
2837
1937
44
1247
2752
2966
909
3849
4173
1486
2225
1934
140
3873
1339
494
1586
2142
4168
2193
3959
4227
2149
1154
356
1452
850
1305
1873
4346
4062
344
118
3750
2139
2208
4753
1039
1795
3924
559
1639
4962
446
1358
3989
3390
4873
186
3799
2117
1136
830
4453
1806
3685
2446
4118
4859
1723
3963
3677
204
3936
543
2700
2136
2062
4953
404
40
1505
2195
3188
4140
4286
3634
792
1322
1633
4966
1420
4732
4471
1043
1881
2114
1870
822
2558
2111
2313
1988
3627
912
3489
1888
3026
507
3744
2739
4408
1036
1464
1585
1899
4038
2732
713
171
1736
237
726
1565
525
4319
2500
4830
233
4653
236
3477
1313
2922
4596
1981
2098
4457
3744
841
1572
3024
3462
2417
3176
2889
2425
3716
16
3433
1147
3502
4855
4364
4617
2668
4089
633
770
3181
2483
3497
2792
2059
4478
1230
4170
4242
1600
3746
3057
201
196
1270
1209
4287
1243
1852
2994
4760
211
1870
1152
3720
1135
1912
3912
566
559
3427
1229
69
4881
1316
177
4823
1400
2749
1831
2475
4188
4707
193
1497
4018
2680
1573
4203
4718
337
3926
254
3838
1354
1752
2017
2425
2224
3771
4046
615
1087
4684
2423
370
238
4736
1234
182
1360
203
4767
4325
444
105
834
4527
1519
4418
4069
8
80
1507
600
657
260
4938
2843
267
1092
3938
994
1018
2060
1753
426
1055
1069
1166
4860
8
3237
646
2463
3404
2741
96
651
985
3187
2808
4580
449
2033
3842
835
3741
3102
1440
4435
3136
4060
2581
3938
4071
4858
1250
287
1503
4370
2048
4443
2839
2389
3256
2931
4208
2062
3128
4101
971
2612
1311
2992
3537
3060
4690
641
4473
4455
720
3828
4197
2584
4147
583
2622
4128
728
2005
442
1613
4553
1138
1714
1728
2400
2330
1985
4159
1743
671
370
859
998
4283
4233
2546
2933
2106
4245
3959
3746
3540
780
2872
2045
3273
63
1816
2011
3837
760
1791
968
2967
4682
3159
647
2309
1679
696
1375
562
616
1286
3910
2218
1656
785
2033
2493
3833
1854
760
4883
2140
4812
3732
1759
867
1001
658
2295
2810
2574
4236
363
3637
2488
2606
1611
2395
4785
2038
310
1452
623
1359
4360
4622
2826
1112
2635
3486
1212
2433
194
4462
276
2317
4898
2817
1523
431
450
3871
3083
1886
1165
3789
589
3314
1165
4628
4290
2172
4394
934
660
625
1523
3340
166
3872
4612
67
1241
3708
65
3624
2584
3267
2257
4242
4358
4896
2399
2615
4423
3798
2853
354
3396
4854
3458
1875
2987
2035
4166
4895
1023
3260
2779
481
2979
1906
4071
985
141
1034
3879
4668
2041
2165
277
1245
3314
822
2725
179
4145
3276
317
162
2983
273
2539
1254
4941
2537
3388
245
4702
1247
1529
2877
3427
1925
4604
887
16
4595
2044
98
2093
4714
2270
1010
2800
1481
4805
2394
4016
2671
315
2287
3717
1890
176
4583
1822
1408
3225
4443
1987
4148
1125
4825
653
227
4445
4341
802
543
994
3808
4245
3971
4491
1801
4518
3881
3038
948
2254
529
4783
1880
566
2994
1928
1142
3360
4798
4488
1022
1533
4185
4246
2012
2481
1530
1463
2619
4732
2069
415
4392
3146
880
2300
4123
773
1533
2849
3298
1826
1672
298
174
1329
609
2147
3833
2425
3444
2622
3528
2060
3391
1829
2054
3718
2371
3172
3074
172
31
3787
2370
427
3737
4003
2863
2238
3918
3454
522
3844
2117
844
3944
1640
495
675
3026
1643
3201
3254
4352
2888
4229
833
2800
86
4406
2260
4673
555
627
79
2420
1935
3726
2005
149
1879
4788
4556
3399
4707
2463
2276
2742
4962
451
3909
1017
2317
47
1110
3663
3937
1205
1475
2952
2592
4947
1055
3088
1610
2722
354
4456
2200
1614
1125
4190
498
1631
4652
2398
3961
1200
2858
2200
3127
1479
3740
4260
502
2844
1094
4940
4655
4789
531
1449
388
889
3756
1144
736
1684
630
4781
2733
3826
1888
3737
29
2903
493
4385
901
3631
1032
3495
263
3313
3613
3909
3168
41
520
2743
3394
1958
264
1384
4610
2017
4739
1136
2092
4920
3480
3860
2029
3602
2857
3622
2474
1332
3160
919
1271
3483
2107
1114
3867
2730
2467
3043
2034
2974
3569
1640
3034
656
4498
551
610
2700
3021
1976
976
2504
4738
4620
2266
374
1606
4222
4360
613
3684
3257
2264
1837
1038
2858
1497
1938
796
1671
4732
331
2372
48
359
331
2546
3133
2956
2959
26
353
2211
2082
1260
1917
2067
2622
1511
3688
3886
3715
4658
4581
3054
2125
2951
4302
3546
2417
4584
1728
4182
3687
2622
4158
1682
2471
2512
3546
433
173
4049
3498
4524
4503
1461
2536
4808
1713
4429
4020
1550
1806
4697
2237
4266
666
4846
4870
1006
4918
3609
2078
3680
1972
1266
3474
1145
1227
755
4831
2735
1837
1331
4723
1173
1583
1478
2419
2545
4136
3552
2227
2911
3094
3442
497
740
3366
3900
3994
470
626
3668
1281
1810
4232
3814
813
4029
2792
2428
259
2079
2798
4447
2884
1549
2178
1239
2209
1551
4268
15
1931
4665
1755
1557
1095
3765
4015
1929
4955
824
4997
1587
2058
2532
1868
954
2302
679
2094
3706
2263
2130
3025
3918
150
108
3343
2231
4471
80
1066
1827
3999
3572
2932
193
2161
1611
2062
4852
1040
2094
4991
214
1824
2862
1936
783
1845
1501
29
1790
2433
2462
3142
2672
2000
3602
4175
894
935
69
1381
1635
908
1456
3811
2599
1519
1232
3235
2070
4385
3831
1304
2885
4388
193
1075
3805
4427
2505
1765
4368
4291
2941
2821
2740
1155
455
4202
766
3560
438
2180
2264
2380
741
4774
4206
3919
2098
2222
1550
2671
3954
600
31
3788
4435
1047
4627
575
2530
1205
1223
1588
4342
2926
1330
2485
3084
2760
3100
2930
3788
14
1178
1982
4451
3245
2543
1043
1291
4990
4741
1352
3753
1582
2036
458
1949
1498
802
1361
3783
991
4324
4469
1656
3368
3059
3105
575
2385
715
2094
2469
2092
480
1594
3443
2082
3394
1499
1714
1469
3890
1967
4043
619
3613
2294
8
4429
1753
1706
770
2497
2734
2237
4093
2485
1647
1204
3777
2117
4680
491
2515
2974
4682
3105
1403
1180
3030
3589
4415
97
2494
4361
1240
4423
2194
3582
1170
4192
4313
1537
826
3604
3774
1660
76
3195
4293
520
4675
1963
2094
2793
4172
2340
2938
18
2084
1402
2051
4779
2425
1043
2617
3928
127
4602
4538
3308
3909
795
4953
1862
2423
927
251
3667
2245
1307
3998
3100
3083
3972
1075
65
4674
2222
4037
3077
2607
117
3778
2228
2458
2987
2034
4371
2786
339
2894
2384
912
3829
322
1465
1329
2588
1534
1649
4152
2212
4473
1536
3883
1160
767
3066
2164
2539
1950
4643
2922
1197
3091
2257
977
3568
2626
2171
4664
3484
533
1416
4082
776
3940
211
1144
2673
246
2622
2405
1960
4071
3965
2553
2511
3571
1716
73
3332
2514
2083
3047
1714
893
3113
894
4476
3680
4887
4042
2923
4520
174
2309
1466
3966
1275
1068
4544
2804
1066
1220
3949
784
138
2407
1281
1215
631
2211
4225
3980
1077
1365
779
3577
508
1569
3053
4661
3391
1494
1281
2942
353
392
3084
3737
610
3133
2526
3880
3390
101
3932
2243
4279
4587
4461
378
4124
4905
498
2002
1154
3555
706
1862
1546
1579
3996
4136
1331
965
2686
4376
3346
651
1237
1228
3015
4972
4686
1937
2929
4464
549
3489
2228
839
548
4837
131
3163
2015
1876
1849
3667
3077
4189
796
1482
2121
850
1204
4767
4465
1726
4704
1318
583
4056
530
4279
3359
928
4948
1709
4792
4737
2602
2970
4006
551
2354
3977
4295
3539
1010
812
3213
2790
4217
2751
4596
954
513
4741
3220
615
4675
4841
4200
4476
4579
1583
4616
3596
1637
3452
541
2540
2329
1156
803
1113
2587
787
2443
4335
4798
2470
170
1456
2465
4378
4244
4705
2842
3325
2053
3228
435
652
4754
4921
1059
3549
499
4246
2118
2758
4027
1393
3879
2869
643
2299
2853
713
1684
4015
2683
3417
4507
3931
893
1268
3474
3071
2320
1328
37
4
1089
2399
2795
4695
2481
3599
2318
4901
2439
1905
3835
433
3038
3949
4733
3676
4336
1163
127
4204
1916
1797
522
3288
4012
307
2582
1123
4154
1855
2748
176
4900
4643
3459
509
4133
4063
2353
1378
1110
2391
4205
3435
1669
300
787
4140
685
2690
471
1701
3590
818
3477
3623
1030
2601
1448
1342
1328
1377
4498
3463
2597
4462
2540
4251
2384
4563
1622
3285
2501
4390
1729
1584
4413
1194
1947
2540
1403
2828
3835
2947
4347
2056
2909
4519
2548
2932
2840
847
2371
3661
1102
1146
4066
2617
3180
1915
1377
325
3180
717
1748
2832
4815
3472
1452
3199
3934
4284
4531
3330
386
4022
834
1615
4858
4353
4397
838
182
1935
2426
1381
4346
528
1125
4085
877
1898
3568
1636
514
330
4841
4092
830
2330
4052
3483
2899
803
3427
2397
3717
645
3547
4504
796
2525
3801
2302
3177
3773
1109
1200
2516
1634
286
3056
4013
11
4725
4920
1921
4269
238
993
1191
495
4021
2583
1500
4554
4453
2443
4236
3712
1295
257
4770
2226
2681
1988
490
2938
4653
4222
3173
1584
4451
2404
1093
2235
1161
1128
3361
3470
1090
3345
202
3782
3709
561
1663
3481
3129
2334
775
993
3429
1779
1262
2136
2652
2079
4833
646
2064
542
2077
217
1758
2519
204
3661
268
2350
2834
2660
4174
4635
55
1576
4318
851
3518
2623
1901
685
3982
429
2077
4807
1254
2496
1186
2905
4574
520
3433
1394
1491
1166
1734
4707
92
4015
2212
2969
2611
2056
1497
3103
4758
1740
2056
251
3695
4204
147
4791
160
1839
448
2907
2235
1266
4291
4545
2665
3593
1621
3609
185
1854
3604
2255
1851
3737
475
737
4861
3434
1995
2901
3975
3475
1441
2323
3098
2545
1938
1166
2430
212
61
2481
428
3501
3832
1295
481
2768
2806
3548
2893
194
751
2130
3930
2373
1848
703
4865
1289
996
165
2489
3389
3075
4529
833
2454
2739
2769
104
4647
748
527
3027
4210
4136
3899
679
1126
4243
1473
1392
658
4023
3822
433
1336
1435
4049
29
4445
3525
783
2437
3265
334
1631
3042
2530
3245
1776
4310
4950
2350
1879
2030
2728
924
1781
2643
1386
3196
2177
2890
3205
661
2730
2280
2756
2117
2024
337
4984
2069
1019
1075
3991
4904
3988
1303
4630
2776
2347
1296
2265
3554
1432
2103
3880
2379
4654
4269
3141
778
3820
1634
1587
368
702
1046
2865
2853
3172
1743
3239
2741
2426
779
2169
1787
2560
4230
1633
884
90
2429
2913
3592
4682
4948
1282
3613
2604
1877
3927
876
2395
2842
2813
2008
2106
3429
3071
916
4942
1165
1108
4116
2466
4044
732
4294
3370
1408
2444
3514
2061
4198
622
2241
2725
1005
2341
3898
472
4138
383
3459
4492
3232
3219
1373
4990
707
3885
3584
2076
4797
3207
1698
588
720
563
1282
276
3924
2527
1305
2300
980
991
356
4489
4452
4417
4971
83
2614
2093
1269
1232
493
4092
1184
1082
4817
1531
1987
2151
4797
712
2919
2689
3541
1644
2150
501
4372
2297
1826
3527
1732
2565
1569
3966
3200
4735
2191
1939
3447
2746
900
2640
1585
1049
1624
4631
4511
1338
565
3880
2598
3590
4372
1647
2596
1903
2378
3565
1310
2034
4572
446
537
223
2824
748
3896
3239
1150
226
670
3438
1184
3803
2204
193
3733
795
4196
3274
1532
2734
2831
4529
112
1792
3093
1141
222
125
2035
4203
967
1978
4898
4558
4378
2259
229
896
1601
2182
666
3208
2567
2104
4013
3653
4320
1719
1170
250
2650
2552
2170
546
587
3898
3127
3798
19
2595
3115
2828
2131
721
830
266
4798
4291
1319
2467
223
4889
477
2433
507
1601
2950
117
3816
3764
1775
4283
526
3312
3253
1377
941
2959
2612
4489
3880
64
2086
3492
2809
4028
1078
4450
428
2164
557
968
2856
1250
1189
4433
4307
341
917
3760
4582
4736
3548
2564
4545
1749
2457
3317
3783
950
2650
2470
2766
3380
755
4500
3512
2932
4666
3854
1461
4567
73
3206
3341
4544
83
1631
1048
2508
1859
2550
1440
1661
841
1926
2402
2967
4894
1455
2577
759
626
1639
411
2296
4132
2948
608
2680
4042
3168
3096
786
3497
4245
3604
2805
1255
2163
3353
2886
2384
2713
3376
3009
894
3840
2337
2670
2716
830
1553
561
2884
529
1097
3858
1495
4722
2930
503
4006
1181
1614
175
430
2942
808
1048
1689
2734
2694
786
3907
4262
1301
4238
3298
2187
3671
1626
738
3579
3033
3910
2048
2855
184
180
861
1201
1237
2315
3941
1328
1605
2684
4744
4177
4038
4665
3489
3528
3319
4427
1582
472
288
2251
3303
3255
3498
3435
1354
2325
2336
1877
4165
4199
806
2276
3982
2551
449
1011
1656
4982
3207
3331
3511
3317
1544
4872
1110
1064
21
4318
991
3404
640
400
203
203
4997
65
154
3485
3943
4214
2637
2553
4949
692
4113
4965
182
934
1775
394
2099
2730
843
4523
4037
493
4130
2039
1439
1572
295
3381
4053
1788
2255
3600
4117
3548
3699
3963
1492
2658
3214
3318
4605
1570
3248
3426
4749
2878
1810
2682
2274
4331
1819
3514
3622
2872
11
556
686
4597
318
4513
4152
3201
1226
4189
124
3748
2821
2222
3322
391
2305
1534
2844
4424
4345
639
4853
2386
4929
4910
3803
2181
3024
1499
2097
4802
3569
2592
3024
705
4459
4168
4256
2870
2846
1819
1129
3362
2623
4983
4694
2046
3134
1880
1052
525
173
1403
3663
914
579
4783
1766
392
2010
174
3192
3289
1974
1531
3728
4505
3784
740
1845
1011
4657
4281
2484
684
875
4989
570
4239
4580
1445
1156
585
1164
3239
738
4670
2169
1877
2324
1443
2833
1098
2563
1790
281
932
3611
3435
3627
1410
1863
2056
2093
3472
3390
4611
2919
3777
2301
35
2876
4724
2861
1540
4790
4690
3102
3543
2156
943
2716
112
1053
783
561
2978
3665
691
1803
3304
3597
1620
647
4118
168
1464
3590
1336
4532
1138
935
4480
4375
3086
2486
4766
4490
3093
1939
4403
881
1374
190
4542
965
4535
3930
3739
4655
4186
743
4449
3734
2834
4228
59
2322
4968
3372
417
762
121
4985
3536
2779
3075
3591
1167
2977
4576
898
3339
1579
2201
3074
2942
602
1447
4646
2411
899
3358
3951
3341
3886
308
566
4192
1045
3104
1337
1480
392
3102
1586
2913
2449
874
1352
4479
3932
2986
2250
2351
2601
2097
241
4118
1732
3338
3309
4312
2933
866
4955
2051
4332
4785
2318
1741
15
4633
2164
4748
944
176
3106
2541
2328
4539
3186
4038
2537
1500
731
960
1346
2678
1642
4711
395
4117
2984
3444
876
3468
596
4413
4626
1337
3531
987
1962
2955
2773
1044
3672
2463
538
3258
1482
71
892
4781
4944
1549
3006
132
4175
1895
2238
4193
831
3187
1431
3558
2738
3100
1562
3162
3590
4989
717
2816
3036
3878
1701
3490
1337
413
2337
3426
4093
342
742
1706
1579
54
2666
1749
4264
644
835
4868
4320
3202
32
4317
3877
1339
779
3866
2713
93
2317
3406
3974
616
258
3573
971
2191
1655
84
4466
631
2857
414
1600
494
231
209
4909
2231
1787
2409
341
610
405
139
310
2168
2793
4389
1058
2024
930
4844
631
3260
839
613
38
4760
3036
4488
4793
3091
668
4338
2904
142
3150
1362
4526
3525
4990
2014
2647
652
557
4119
4868
3677
4923
963
3123
1647
1084
3969
3985
2072
841
1762
273
3334
3489
4342
1850
50
3151
1972
2123
1222
3566
2503
1650
417
882
21
958
4056
961
1337
1041
4663
2266
2652
2674
3617
2004
4071
2898
4724
4282
2004
2150
2457
3645
4334
2532
1243
2059
182
2393
821
2247
2375
2706
4592
3753
2828
1498
341
1248
1089
1900
800
1533
1352
4449
3615
2609
2117
3051
226
185
4155
411
1626
4905
600
1624
3278
759
1430
586
3748
730
1708
3702
685
667
2437
4226
52
2978
1351
3404
4632
2212
4023
222
1112
443
2059
3548
3295
887
1631
3001
1897
1756
3492
4031
172
2627
4942
77
3066
3638
445
766
2966
1462
911
608
1988
2407
2083
1634
1647
1567
993
4969
3301
1051
4832
845
525
2034
2912
4368
3117
1686
4810
1471
3349
1584
1613
2443
3400
1363
2746
682
347
2596
914
842
1510
2184
4694
2790
1436
711
422
2404
4470
831
2286
981
3684
2588
4847
3231
622
807
3338
1856
1104
397
4635
1836
397
153
915
4281
4685
532
709
1633
2234
188
2574
2655
1535
1299
3303
510
3858
4186
3788
2886
876
2053
4346
1512
774
464
1541
4916
1910
2378
31
2304
2962
3721
312
3588
1404
2815
3626
653
3263
692
564
439
3585
531
690
1006
34
1905
1851
3374
916
3243
3923
2633
1490
624
1633
497
1110
3616
4427
2703
3790
2706
4441
212
1639
4764
824
2077
261
2662
2185
4396
4402
1152
4777
1581
4821
3942
1505
1614
4492
4520
3384
1523
3413
4255
1744
1336
1993
1277
4510
89
1066
4677
1558
342
3399
547
4063
3819
2686
1996
707
1207
3209
1985
4514
1963
532
480
1463
1894
4701
324
1443
4614
4277
182
2520
2521
1950
3076
336
3557
1766
4128
3600
3597
4867
2108
2935
293
479
982
3620
2672
1103
2398
527
2312
1574
3095
1885
3085
1511
2333
3570
1537
4002
2460
2755
2028
782
34
4258
3172
4425
2486
4485
1944
3332
1936
2632
2420
4611
2674
2090
4639
3819
2304
2966
2059
2308
292
452
4717
65
4381
4143
3966
2373
4305
991
2417
697
1489
2530
2198
300
3100
1814
1934
1258
3598
643
4320
4840
3218
1503
4147
38
462
4817
4909
3653
3038
218
1436
148
4772
4833
1771
1358
3094
2758
1903
1310
4552
401
1475
2206
1252
2940
776
748
1207
590
2153
1950
3989
4225
54
311
2872
199
4999
322
3693
4529
243
3951
656
2911
1865
2788
1434
3959
520
4110
2415
4791
4506
680
4685
3893
262
4082
2185
3394
278
4982
524
1306
4638
2063
4383
3296
3503
1979
4314
2639
490
3307
4731
715
3824
3448
557
1321
1722
2992
3815
2149
4605
1121
4767
4923
2840
2646
1734
3344
2329
3999
3054
777
1996
662
385
588
2565
3151
3884
790
4417
1919
236
1716
2568
1681
4160
4182
3550
4261
799
2289
514
1114
331
3261
542
2997
3902
2022
2904
91
3203
4886
1344
3347
4585
1923
835
1087
1083
4436
2151
1436
3724
3914
2913
4088
97
4397
4163
3860
959
93
250
4803
2135
4818
1055
1338
511
2150
3644
3671
596
4561
2553
4766
3460
517
695
4058
984
2715
638
3146
2826
3677
2250
3293
923
270
1843
2374
2968
1039
3333
2891
102
2492
1116
3506
4467
3742
3852
4573
2943
482
2313
1977
2340
4114
1034
1361
1122
1746
4708
2440
2414
205
636
3479
1115
4321
4988
3331
3273
1209
3018
1034
3845
2858
3653
520
914
2416
410
261
959
4241
734
3906
4328
1594
3941
3852
3193
4633
4850
423
1744
531
703
